<?xml version="1.0"?>
<opencv_storage>
<filter1 type_id="opencv-matrix">
  <rows>8</rows>
  <cols>49</cols>
  <dt>d</dt>
  <data>
    2.1717491498076216e-001 2.3078956716451959e-001
    2.2359220092016260e-001 2.0045009059487912e-001
    1.7035067265819173e-001 1.4185416320230484e-001
    1.1893037552443439e-001 1.9781199914670619e-001
    2.0648494585876365e-001 1.9254747519854026e-001
    1.6255016766125435e-001 1.2715260086917182e-001
    9.5988429151239035e-002 7.3388201340963050e-002
    1.4695879463111325e-001 1.4602163555533393e-001
    1.2385311042749315e-001 8.8188964484235910e-002
    5.0608984766303086e-002 2.1186543464632394e-002
    4.2888410890807999e-003 7.3362666648693953e-002
    6.1444398132525911e-002 3.2152905639619131e-002
    -6.2397085458445918e-003 -4.2152179798633380e-002
    -6.5830367715133592e-002 -7.3192833657373585e-002
    -6.6802403649536520e-003 -2.7628147033922985e-002
    -6.0879740058736830e-002 -9.8410359007915116e-002
    -1.2949587297804646e-001 -1.4522690778816458e-001
    -1.4214621281515968e-001 -7.4644712933159857e-002
    -1.0004842097164815e-001 -1.3291296147816448e-001
    -1.6626844316520203e-001 -1.9069511020888663e-001
    -1.9857539665773141e-001 -1.8730018752591815e-001
    -1.1687142653208905e-001 -1.4136980771484367e-001
    -1.6999446753438610e-001 -1.9703631633593835e-001
    -2.1468986856817576e-001 -2.1687450520365076e-001
    -2.0196845451723786e-001 -1.0729108258029700e-001
    -7.9689816356519450e-002 -1.1840215908149102e-002
    7.7744576465106310e-002 1.5977199714622206e-001
    2.0874503758249599e-001 2.1530235138742906e-001
    -1.4002160229620242e-001 -1.1116059643223265e-001
    -3.5252294883230430e-002 6.5558626194265876e-002
    1.5753724815971867e-001 2.1178290775274144e-001
    2.1800959588502242e-001 -1.7246487500813246e-001
    -1.4429668436319462e-001 -6.4979069023646904e-002
    4.0995581822957303e-002 1.3760944881158796e-001
    1.9471780791230706e-001 2.0216659502185227e-001
    -2.0087747609455017e-001 -1.7531885317473458e-001
    -9.7018180366392190e-002 8.8833488389108393e-003
    1.0610682684269221e-001 1.6474453050671536e-001
    1.7486600257690110e-001 -2.2001924590118535e-001
    -1.9793311492516141e-001 -1.2401293457408115e-001
    -2.2486678425260989e-002 7.1758141958011390e-002
    1.3011976561429386e-001 1.4297548481511066e-001
    -2.2474791046404202e-001 -2.0592952348670113e-001
    -1.3878040449783316e-001 -4.5379848497246550e-002
    4.2262490125242927e-002 9.7780775752774718e-002
    1.1222125376021612e-001 -2.1217769537288139e-001
    -1.9549633729064000e-001 -1.3700001087840555e-001
    -5.5430633679208828e-002 2.1555511647442769e-002
    7.1065752124519307e-002 8.5323425775395756e-002
    2.5246727041245592e-001 1.3792490160110149e-001
    -1.4188379344527598e-002 -9.4005176870519527e-002
    -5.1775803171339431e-002 6.2612322730405623e-002
    1.5529543084951153e-001 2.2277961155856893e-001
    7.9976526120878688e-002 -9.8534525798122746e-002
    -1.8379447420733158e-001 -1.2274064483749417e-001
    2.1102388811784167e-002 1.3539462040553352e-001
    1.7237541520144845e-001 1.1160034330540448e-002
    -1.7632189940207491e-001 -2.5360185684649605e-001
    -1.7129783270200166e-001 -4.0209390819911494e-003
    1.2546065609435592e-001 1.2901146983688333e-001
    -3.4515198280064080e-002 -2.1395154395548022e-001
    -2.7510347849948746e-001 -1.7535035729055723e-001
    4.2118771633752935e-003 1.3817741360174768e-001
    1.1239534331935326e-001 -3.7755949580035759e-002
    -1.9667470483297772e-001 -2.3999519061131319e-001
    -1.3222511547489477e-001 4.5230898345697546e-002
    1.7153185571690652e-001 1.2402605035294638e-001
    -2.8446202623399731e-003 -1.3583332049726948e-001
    -1.6516280617271492e-001 -6.1318204098215867e-002
    1.0003139565283137e-001 2.0896911792852949e-001
    1.4701404590404168e-001 4.6039608461572554e-002
    -6.0410488571639255e-002 -8.1140568417446227e-002
    7.9447401472099565e-003 1.4225360398745174e-001
    2.2917648027120499e-001 1.8459530862176837e-001
    2.4243006408892143e-001 2.6260879868598441e-001
    2.0707393232970114e-001 8.3073113924864717e-002
    -4.9009724410303032e-002 -1.2047697617176781e-001
    9.0973461031908107e-002 1.3789733543949492e-001
    1.5648323044026116e-001 1.0204291858830430e-001
    -2.0114999812825930e-002 -1.4537480533328434e-001
    -2.0022939578012697e-001 -4.9319482061806412e-002
    -1.6634439610052881e-002 1.3604022643212688e-002
    -1.2347994537551808e-002 -9.9671726817182199e-002
    -1.9171037220227619e-001 -2.2052089375679670e-001
    -1.7471178456825054e-001 -1.4212281729710136e-001
    -8.0661617536405453e-002 -5.6126368948979426e-002
    -9.0847465792326054e-002 -1.4374920477038294e-001
    -1.5675651483693276e-001 -2.2961187265477839e-001
    -1.7956992518205150e-001 -7.7786561326636014e-002
    -1.1049622685345797e-003 1.2083312307957252e-002
    -1.3614863093511818e-002 -2.9746826209980960e-002
    -2.0022609429597116e-001 -1.2727822637662764e-001
    4.0509440909580786e-003 1.1282788218237609e-001
    1.5257005613278238e-001 1.3624136541753695e-001
    1.0504733950224721e-001 -1.1866086532166942e-001
    -3.5309015278263522e-002 9.8042575002514787e-002
    2.0776299610541038e-001 2.4992977730882207e-001
    2.3260487573121988e-001 1.9135248667612914e-001
    -6.6028668129086324e-002 -3.6583820150174598e-002
    5.3065384656897509e-002 1.6353480181869734e-001
    2.4935705663261926e-001 2.8510467012213225e-001
    2.6874612916892449e-001 -1.4098464700881158e-001
    -1.2267182374389682e-001 -4.2161083365965732e-002
    5.5034693223244564e-002 1.2409894223827735e-001
    1.4815130290625511e-001 1.3482705471283718e-001
    -1.7487698714689071e-001 -1.7214219812942563e-001
    -1.2273128803028222e-001 -6.8402123529306497e-002
    -3.9243251526220491e-002 -3.3665764114680780e-002
    -3.2096390251557236e-002 -1.2873426466727533e-001
    -1.3347794817594133e-001 -1.2192472894987065e-001
    -1.2300736018032431e-001 -1.4375415525798574e-001
    -1.6183998204715611e-001 -1.4907704096323904e-001
    -2.2186922203742180e-003 -1.2971449417086326e-003
    -2.0402621268949858e-002 -7.1566555387687067e-002
    -1.3952545641935957e-001 -1.8521372719225029e-001
    -1.7632126258589559e-001 1.5516964936154398e-001
    1.6733359440676335e-001 1.3064891864875069e-001
    4.7588531394922744e-002 -5.1715007050545186e-002
    -1.2025038099421682e-001 -1.2641318982334204e-001
    2.7030564458959233e-001 2.8541814329091109e-001
    2.4265022187907923e-001 1.5236708015078584e-001
    4.7771262488047257e-002 -2.7014676715325332e-002
    -4.5830841722533822e-002 -3.4368604481590859e-001
    -1.1176812153705903e-001 9.8812974219271182e-002
    9.5808605351874243e-002 -6.8822174794871153e-003
    -1.5415968248342772e-002 5.9921373171601490e-002
    -2.6381238684668523e-001 1.2126812685727250e-002
    2.0884664803736477e-001 1.2942807883965027e-001
    -4.2882550273592231e-002 -6.0109888245196294e-002
    4.5029132732840906e-002 -1.2360340205816613e-001
    1.4092400577260136e-001 2.5699465238358377e-001
    7.9468898000125632e-002 -1.3604595922150803e-001
    -1.2299922863409099e-001 3.5119362435992521e-002
    -2.3471200287713163e-002 1.8142957651541380e-001
    2.0178750060243753e-001 -3.3768962493746543e-002
    -2.2888857584847214e-001 -1.4363309656792775e-001
    7.2493628860027221e-002 -5.8843461180381335e-003
    1.2793208734280764e-001 8.9320332717702844e-002
    -1.3382487034898374e-001 -2.5253913527129251e-001
    -8.5247184181517777e-002 1.6532917837806060e-001
    -3.7437869994087714e-002 4.8860800869983165e-002
    3.9376219280001902e-003 -1.5705453280845247e-001
    -1.8955127495843052e-001 2.5654433835537511e-002
    2.6965290827538285e-001 -5.8187493440219916e-002
    1.0365324761484879e-002 -1.1058831650845863e-002
    -1.0673198390725824e-001 -9.1112383795830310e-002
    1.1225290856474676e-001 3.1410066275063381e-001
    1.3573904115045773e-001 2.2126199174473124e-001
